# frequency [Hz], storage [Mpa], loss [MPa], temperature [Celcius]
9.999990000000000268e-02,2.257559999999999945e+03,1.237219999999999942e+02,-4.000000000000000000e+01
1.258900000000000019e-01,2.279130000000000109e+03,1.300560000000000116e+02,-4.000000000000000000e+01
1.584800000000000098e-01,2.297550000000000182e+03,1.334509999999999934e+02,-4.000000000000000000e+01
1.995200000000000029e-01,2.315110000000000127e+03,1.333180000000000121e+02,-4.000000000000000000e+01
2.511800000000000144e-01,2.332429999999999836e+03,1.327789999999999964e+02,-4.000000000000000000e+01
3.162200000000000011e-01,2.350440000000000055e+03,1.335149999999999864e+02,-4.000000000000000000e+01
3.980989999999999807e-01,2.366730000000000018e+03,1.328739999999999952e+02,-4.000000000000000000e+01
5.011790000000000411e-01,2.382840000000000146e+03,1.323870000000000005e+02,-4.000000000000000000e+01
6.309489999999999821e-01,2.398750000000000000e+03,1.318209999999999980e+02,-4.000000000000000000e+01
7.943189999999999973e-01,2.414429999999999836e+03,1.307549999999999955e+02,-4.000000000000000000e+01
9.999989999999999712e-01,2.429900000000000091e+03,1.293559999999999945e+02,-4.000000000000000000e+01
1.258920000000000039e+00,2.445170000000000073e+03,1.277030000000000030e+02,-4.000000000000000000e+01
1.584889999999999910e+00,2.460190000000000055e+03,1.258780000000000001e+02,-4.000000000000000000e+01
1.995260000000000034e+00,2.475000000000000000e+03,1.240409999999999968e+02,-4.000000000000000000e+01
2.511890000000000178e+00,2.489610000000000127e+03,1.221970000000000027e+02,-4.000000000000000000e+01
3.162279999999999980e+00,2.504059999999999945e+03,1.202680000000000007e+02,-4.000000000000000000e+01
3.981059999999999821e+00,2.518389999999999873e+03,1.181940000000000026e+02,-4.000000000000000000e+01
5.011860000000000426e+00,2.532619999999999891e+03,1.159240000000000066e+02,-4.000000000000000000e+01
6.309569999999999901e+00,2.546719999999999800e+03,1.136050000000000040e+02,-4.000000000000000000e+01
7.943279999999999674e+00,2.560630000000000109e+03,1.112729999999999961e+02,-4.000000000000000000e+01
1.000000000000000000e+01,2.574250000000000000e+03,1.089620000000000033e+02,-4.000000000000000000e+01
1.258929999999999971e+01,2.587489999999999782e+03,1.066260000000000048e+02,-4.000000000000000000e+01
1.584890000000000043e+01,2.600219999999999800e+03,1.042300000000000040e+02,-4.000000000000000000e+01
1.995260000000000034e+01,2.612440000000000055e+03,1.013209999999999980e+02,-4.000000000000000000e+01
2.511890000000000001e+01,2.624260000000000218e+03,9.828159999999999741e+01,-4.000000000000000000e+01
3.162280000000000157e+01,2.634469999999999800e+03,9.931210000000000093e+01,-4.000000000000000000e+01
3.981069999999999709e+01,2.645030000000000200e+03,9.806080000000000041e+01,-4.000000000000000000e+01
5.011869999999999692e+01,2.654559999999999945e+03,9.841979999999999507e+01,-4.000000000000000000e+01
6.309570000000000078e+01,2.662440000000000055e+03,1.042740000000000009e+02,-4.000000000000000000e+01
7.943280000000000030e+01,2.668050000000000182e+03,1.095930000000000035e+02,-4.000000000000000000e+01
9.999990000000000268e-02,1.683269999999999982e+03,1.543950000000000102e+02,-3.000000000000000000e+01
1.258900000000000019e-01,1.679549999999999955e+03,1.496529999999999916e+02,-3.000000000000000000e+01
1.584800000000000098e-01,1.689890000000000100e+03,1.472009999999999934e+02,-3.000000000000000000e+01
1.995200000000000029e-01,1.703359999999999900e+03,1.463069999999999879e+02,-3.000000000000000000e+01
2.511800000000000144e-01,1.717619999999999891e+03,1.459099999999999966e+02,-3.000000000000000000e+01
3.162200000000000011e-01,1.730579999999999927e+03,1.447680000000000007e+02,-3.000000000000000000e+01
3.980989999999999807e-01,1.746069999999999936e+03,1.447599999999999909e+02,-3.000000000000000000e+01
5.011790000000000411e-01,1.762819999999999936e+03,1.451310000000000002e+02,-3.000000000000000000e+01
6.309489999999999821e-01,1.780420000000000073e+03,1.457030000000000030e+02,-3.000000000000000000e+01
7.943189999999999973e-01,1.798839999999999918e+03,1.464869999999999948e+02,-3.000000000000000000e+01
9.999989999999999712e-01,1.818039999999999964e+03,1.472640000000000100e+02,-3.000000000000000000e+01
1.258920000000000039e+00,1.837759999999999991e+03,1.480159999999999911e+02,-3.000000000000000000e+01
1.584889999999999910e+00,1.858009999999999991e+03,1.486970000000000027e+02,-3.000000000000000000e+01
1.995260000000000034e+00,1.878809999999999945e+03,1.493259999999999934e+02,-3.000000000000000000e+01
2.511890000000000178e+00,1.900059999999999945e+03,1.498300000000000125e+02,-3.000000000000000000e+01
3.162279999999999980e+00,1.921680000000000064e+03,1.501399999999999864e+02,-3.000000000000000000e+01
3.981059999999999821e+00,1.943579999999999927e+03,1.502139999999999986e+02,-3.000000000000000000e+01
5.011860000000000426e+00,1.965680000000000064e+03,1.499960000000000093e+02,-3.000000000000000000e+01
6.309569999999999901e+00,1.987859999999999900e+03,1.494480000000000075e+02,-3.000000000000000000e+01
7.943279999999999674e+00,2.009970000000000027e+03,1.485920000000000130e+02,-3.000000000000000000e+01
1.000000000000000000e+01,2.031849999999999909e+03,1.472069999999999936e+02,-3.000000000000000000e+01
1.258929999999999971e+01,2.053340000000000146e+03,1.453600000000000136e+02,-3.000000000000000000e+01
1.584890000000000043e+01,2.074300000000000182e+03,1.429199999999999875e+02,-3.000000000000000000e+01
1.995260000000000034e+01,2.094719999999999800e+03,1.397779999999999916e+02,-3.000000000000000000e+01
2.511890000000000001e+01,2.114719999999999800e+03,1.360600000000000023e+02,-3.000000000000000000e+01
3.162280000000000157e+01,2.132539999999999964e+03,1.349540000000000077e+02,-3.000000000000000000e+01
3.981069999999999709e+01,2.151110000000000127e+03,1.322599999999999909e+02,-3.000000000000000000e+01
5.011869999999999692e+01,2.168619999999999891e+03,1.308899999999999864e+02,-3.000000000000000000e+01
6.309570000000000078e+01,2.184340000000000146e+03,1.330769999999999982e+02,-3.000000000000000000e+01
7.943280000000000030e+01,2.196769999999999982e+03,1.349029999999999916e+02,-3.000000000000000000e+01
9.999990000000000268e-02,9.853680000000000518e+02,1.444749999999999943e+02,-2.000000000000000000e+01
1.258900000000000019e-01,9.994149999999999636e+02,1.436630000000000109e+02,-2.000000000000000000e+01
1.584800000000000098e-01,1.018679999999999950e+03,1.430089999999999861e+02,-2.000000000000000000e+01
1.995200000000000029e-01,1.038140000000000100e+03,1.422119999999999891e+02,-2.000000000000000000e+01
2.511800000000000144e-01,1.057660000000000082e+03,1.419300000000000068e+02,-2.000000000000000000e+01
3.162200000000000011e-01,1.077710000000000036e+03,1.412640000000000100e+02,-2.000000000000000000e+01
3.980989999999999807e-01,1.097829999999999927e+03,1.409389999999999930e+02,-2.000000000000000000e+01
5.011790000000000411e-01,1.118599999999999909e+03,1.409010000000000105e+02,-2.000000000000000000e+01
6.309489999999999821e-01,1.139730000000000018e+03,1.411579999999999870e+02,-2.000000000000000000e+01
7.943189999999999973e-01,1.161160000000000082e+03,1.416169999999999902e+02,-2.000000000000000000e+01
9.999989999999999712e-01,1.182880000000000109e+03,1.423360000000000127e+02,-2.000000000000000000e+01
1.258920000000000039e+00,1.204880000000000109e+03,1.432179999999999893e+02,-2.000000000000000000e+01
1.584889999999999910e+00,1.227180000000000064e+03,1.442909999999999968e+02,-2.000000000000000000e+01
1.995260000000000034e+00,1.249819999999999936e+03,1.455920000000000130e+02,-2.000000000000000000e+01
2.511890000000000178e+00,1.272799999999999955e+03,1.471330000000000098e+02,-2.000000000000000000e+01
3.162279999999999980e+00,1.296170000000000073e+03,1.489199999999999875e+02,-2.000000000000000000e+01
3.981059999999999821e+00,1.319970000000000027e+03,1.509159999999999968e+02,-2.000000000000000000e+01
5.011860000000000426e+00,1.344230000000000018e+03,1.530680000000000121e+02,-2.000000000000000000e+01
6.309569999999999901e+00,1.368980000000000018e+03,1.552849999999999966e+02,-2.000000000000000000e+01
7.943279999999999674e+00,1.394200000000000045e+03,1.574979999999999905e+02,-2.000000000000000000e+01
1.000000000000000000e+01,1.419829999999999927e+03,1.595560000000000116e+02,-2.000000000000000000e+01
1.258929999999999971e+01,1.445710000000000036e+03,1.613909999999999911e+02,-2.000000000000000000e+01
1.584890000000000043e+01,1.471730000000000018e+03,1.628160000000000025e+02,-2.000000000000000000e+01
1.995260000000000034e+01,1.497900000000000091e+03,1.635540000000000020e+02,-2.000000000000000000e+01
2.511890000000000001e+01,1.524420000000000073e+03,1.636719999999999970e+02,-2.000000000000000000e+01
3.162280000000000157e+01,1.549299999999999955e+03,1.644219999999999970e+02,-2.000000000000000000e+01
3.981069999999999709e+01,1.575329999999999927e+03,1.637880000000000109e+02,-2.000000000000000000e+01
5.011869999999999692e+01,1.600789999999999964e+03,1.630440000000000111e+02,-2.000000000000000000e+01
6.309570000000000078e+01,1.624460000000000036e+03,1.644389999999999930e+02,-2.000000000000000000e+01
7.943280000000000030e+01,1.643940000000000055e+03,1.655029999999999859e+02,-2.000000000000000000e+01
9.999990000000000268e-02,5.557160000000000082e+02,1.239749999999999943e+02,-1.000000000000000000e+01
1.258900000000000019e-01,5.688990000000000009e+02,1.239669999999999987e+02,-1.000000000000000000e+01
1.584800000000000098e-01,5.844370000000000118e+02,1.239819999999999993e+02,-1.000000000000000000e+01
1.995200000000000029e-01,5.987029999999999745e+02,1.241179999999999950e+02,-1.000000000000000000e+01
2.511800000000000144e-01,6.121929999999999836e+02,1.236250000000000000e+02,-1.000000000000000000e+01
3.162200000000000011e-01,6.267519999999999527e+02,1.235919999999999987e+02,-1.000000000000000000e+01
3.980989999999999807e-01,6.402169999999999845e+02,1.236350000000000051e+02,-1.000000000000000000e+01
5.011790000000000411e-01,6.535890000000000555e+02,1.239099999999999966e+02,-1.000000000000000000e+01
6.309489999999999821e-01,6.667970000000000255e+02,1.241929999999999978e+02,-1.000000000000000000e+01
7.943189999999999973e-01,6.798500000000000227e+02,1.245750000000000028e+02,-1.000000000000000000e+01
9.999989999999999712e-01,6.929030000000000200e+02,1.249549999999999983e+02,-1.000000000000000000e+01
1.258920000000000039e+00,7.060850000000000364e+02,1.255010000000000048e+02,-1.000000000000000000e+01
1.584889999999999910e+00,7.195570000000000164e+02,1.261520000000000010e+02,-1.000000000000000000e+01
1.995260000000000034e+00,7.333909999999999627e+02,1.270139999999999958e+02,-1.000000000000000000e+01
2.511890000000000178e+00,7.476549999999999727e+02,1.280560000000000116e+02,-1.000000000000000000e+01
3.162279999999999980e+00,7.623669999999999618e+02,1.293220000000000027e+02,-1.000000000000000000e+01
3.981059999999999821e+00,7.775629999999999882e+02,1.307609999999999957e+02,-1.000000000000000000e+01
5.011860000000000426e+00,7.932630000000000337e+02,1.324470000000000027e+02,-1.000000000000000000e+01
6.309569999999999901e+00,8.094950000000000045e+02,1.343580000000000041e+02,-1.000000000000000000e+01
7.943279999999999674e+00,8.262469999999999573e+02,1.365449999999999875e+02,-1.000000000000000000e+01
1.000000000000000000e+01,8.435380000000000109e+02,1.389360000000000070e+02,-1.000000000000000000e+01
1.258929999999999971e+01,8.613160000000000309e+02,1.414780000000000086e+02,-1.000000000000000000e+01
1.584890000000000043e+01,8.796100000000000136e+02,1.439979999999999905e+02,-1.000000000000000000e+01
1.995260000000000034e+01,8.984790000000000418e+02,1.463489999999999895e+02,-1.000000000000000000e+01
2.511890000000000001e+01,9.180570000000000164e+02,1.486169999999999902e+02,-1.000000000000000000e+01
3.162280000000000157e+01,9.373799999999999955e+02,1.514859999999999900e+02,-1.000000000000000000e+01
3.981069999999999709e+01,9.572759999999999536e+02,1.545829999999999984e+02,-1.000000000000000000e+01
5.011869999999999692e+01,9.773049999999999500e+02,1.579449999999999932e+02,-1.000000000000000000e+01
6.309570000000000078e+01,9.966770000000000209e+02,1.624259999999999877e+02,-1.000000000000000000e+01
7.943280000000000030e+01,1.013419999999999959e+03,1.651359999999999957e+02,-1.000000000000000000e+01
9.999990000000000268e-02,2.374389999999999930e+02,8.113939999999999486e+01,0.000000000000000000e+00
1.258900000000000019e-01,2.492309999999999945e+02,8.288750000000000284e+01,0.000000000000000000e+00
1.584800000000000098e-01,2.624080000000000155e+02,8.525969999999999516e+01,0.000000000000000000e+00
1.995200000000000029e-01,2.750380000000000109e+02,8.702079999999999416e+01,0.000000000000000000e+00
2.511800000000000144e-01,2.874750000000000227e+02,8.824079999999999302e+01,0.000000000000000000e+00
3.162200000000000011e-01,3.010609999999999786e+02,8.986150000000000659e+01,0.000000000000000000e+00
3.980989999999999807e-01,3.141100000000000136e+02,9.143789999999999907e+01,0.000000000000000000e+00
5.011790000000000411e-01,3.275049999999999955e+02,9.295329999999999870e+01,0.000000000000000000e+00
6.309489999999999821e-01,3.411809999999999832e+02,9.446980000000000643e+01,0.000000000000000000e+00
7.943189999999999973e-01,3.550570000000000164e+02,9.595749999999999602e+01,0.000000000000000000e+00
9.999989999999999712e-01,3.690760000000000218e+02,9.744750000000000512e+01,0.000000000000000000e+00
1.258920000000000039e+00,3.832719999999999914e+02,9.892430000000000234e+01,0.000000000000000000e+00
1.584889999999999910e+00,3.976349999999999909e+02,1.004290000000000020e+02,0.000000000000000000e+00
1.995260000000000034e+00,4.121730000000000018e+02,1.019489999999999981e+02,0.000000000000000000e+00
2.511890000000000178e+00,4.268539999999999850e+02,1.034869999999999948e+02,0.000000000000000000e+00
3.162279999999999980e+00,4.416170000000000186e+02,1.050690000000000026e+02,0.000000000000000000e+00
3.981059999999999821e+00,4.564220000000000255e+02,1.067420000000000044e+02,0.000000000000000000e+00
5.011860000000000426e+00,4.712559999999999718e+02,1.085520000000000067e+02,0.000000000000000000e+00
6.309569999999999901e+00,4.861290000000000191e+02,1.104849999999999994e+02,0.000000000000000000e+00
7.943279999999999674e+00,5.010969999999999800e+02,1.125319999999999965e+02,0.000000000000000000e+00
1.000000000000000000e+01,5.162500000000000000e+02,1.147240000000000038e+02,0.000000000000000000e+00
1.258929999999999971e+01,5.316130000000000564e+02,1.170759999999999934e+02,0.000000000000000000e+00
1.584890000000000043e+01,5.472010000000000218e+02,1.195789999999999935e+02,0.000000000000000000e+00
1.995260000000000034e+01,5.630679999999999836e+02,1.222159999999999940e+02,0.000000000000000000e+00
2.511890000000000001e+01,5.793930000000000291e+02,1.250019999999999953e+02,0.000000000000000000e+00
3.162280000000000157e+01,5.950209999999999582e+02,1.283799999999999955e+02,0.000000000000000000e+00
3.981069999999999709e+01,6.116349999999999909e+02,1.312520000000000095e+02,0.000000000000000000e+00
5.011869999999999692e+01,6.283490000000000464e+02,1.340929999999999893e+02,0.000000000000000000e+00
6.309570000000000078e+01,6.442880000000000109e+02,1.377839999999999918e+02,0.000000000000000000e+00
7.943280000000000030e+01,6.576730000000000018e+02,1.407700000000000102e+02,0.000000000000000000e+00
9.999990000000000268e-02,3.182959999999999923e+01,1.472569999999999979e+01,1.000000000000000000e+01
1.258900000000000019e-01,3.447639999999999816e+01,1.623939999999999984e+01,1.000000000000000000e+01
1.584800000000000098e-01,3.752420000000000044e+01,1.792640000000000100e+01,1.000000000000000000e+01
1.995200000000000029e-01,4.063819999999999766e+01,1.958980000000000032e+01,1.000000000000000000e+01
2.511800000000000144e-01,4.395510000000000161e+01,2.129500000000000171e+01,1.000000000000000000e+01
3.162200000000000011e-01,4.768769999999999953e+01,2.323819999999999908e+01,1.000000000000000000e+01
3.980989999999999807e-01,5.153679999999999950e+01,2.511070000000000135e+01,1.000000000000000000e+01
5.011790000000000411e-01,5.573060000000000258e+01,2.707079999999999842e+01,1.000000000000000000e+01
6.309489999999999821e-01,6.025330000000000297e+01,2.911129999999999995e+01,1.000000000000000000e+01
7.943189999999999973e-01,6.511759999999999593e+01,3.122340000000000160e+01,1.000000000000000000e+01
9.999989999999999712e-01,7.033480000000000132e+01,3.341060000000000230e+01,1.000000000000000000e+01
1.258920000000000039e+00,7.592680000000000007e+01,3.566490000000000293e+01,1.000000000000000000e+01
1.584889999999999910e+00,8.190340000000000487e+01,3.798680000000000234e+01,1.000000000000000000e+01
1.995260000000000034e+00,8.827280000000000371e+01,4.036140000000000327e+01,1.000000000000000000e+01
2.511890000000000178e+00,9.503979999999999961e+01,4.278750000000000142e+01,1.000000000000000000e+01
3.162279999999999980e+00,1.022129999999999939e+02,4.526599999999999824e+01,1.000000000000000000e+01
3.981059999999999821e+00,1.097939999999999969e+02,4.779379999999999740e+01,1.000000000000000000e+01
5.011860000000000426e+00,1.177810000000000059e+02,5.037319999999999709e+01,1.000000000000000000e+01
6.309569999999999901e+00,1.261749999999999972e+02,5.300670000000000215e+01,1.000000000000000000e+01
7.943279999999999674e+00,1.349720000000000084e+02,5.570519999999999783e+01,1.000000000000000000e+01
1.000000000000000000e+01,1.441759999999999877e+02,5.845289999999999964e+01,1.000000000000000000e+01
1.258929999999999971e+01,1.538000000000000114e+02,6.124280000000000257e+01,1.000000000000000000e+01
1.584890000000000043e+01,1.638779999999999859e+02,6.407290000000000418e+01,1.000000000000000000e+01
1.995260000000000034e+01,1.744780000000000086e+02,6.694370000000000687e+01,1.000000000000000000e+01
2.511890000000000001e+01,1.857179999999999893e+02,6.984810000000000230e+01,1.000000000000000000e+01
3.162280000000000157e+01,1.967769999999999868e+02,7.288469999999999516e+01,1.000000000000000000e+01
3.981069999999999709e+01,2.087700000000000102e+02,7.616599999999999682e+01,1.000000000000000000e+01
5.011869999999999692e+01,2.211889999999999930e+02,7.962640000000000384e+01,1.000000000000000000e+01
6.309570000000000078e+01,2.336510000000000105e+02,8.316389999999999816e+01,1.000000000000000000e+01
7.943280000000000030e+01,2.445749999999999886e+02,8.613110000000000355e+01,1.000000000000000000e+01
9.999990000000000268e-02,1.691720000000000113e+01,5.644239999999999924e+00,2.000000000000000000e+01
1.258900000000000019e-01,1.792869999999999919e+01,6.292180000000000106e+00,2.000000000000000000e+01
1.584800000000000098e-01,1.902110000000000056e+01,6.982990000000000030e+00,2.000000000000000000e+01
1.995200000000000029e-01,2.013560000000000016e+01,7.677279999999999660e+00,2.000000000000000000e+01
2.511800000000000144e-01,2.134990000000000165e+01,8.412879999999999470e+00,2.000000000000000000e+01
3.162200000000000011e-01,2.264580000000000126e+01,9.244569999999999510e+00,2.000000000000000000e+01
3.980989999999999807e-01,2.400369999999999848e+01,1.007070000000000043e+01,2.000000000000000000e+01
5.011790000000000411e-01,2.547909999999999897e+01,1.097300000000000075e+01,2.000000000000000000e+01
6.309489999999999821e-01,2.707779999999999987e+01,1.195030000000000037e+01,2.000000000000000000e+01
7.943189999999999973e-01,2.880969999999999942e+01,1.300350000000000072e+01,2.000000000000000000e+01
9.999989999999999712e-01,3.069190000000000040e+01,1.413260000000000005e+01,2.000000000000000000e+01
1.258920000000000039e+00,3.274190000000000111e+01,1.533270000000000088e+01,2.000000000000000000e+01
1.584889999999999910e+00,3.497129999999999939e+01,1.660989999999999966e+01,2.000000000000000000e+01
1.995260000000000034e+00,3.739639999999999986e+01,1.796229999999999905e+01,2.000000000000000000e+01
2.511890000000000178e+00,4.002890000000000015e+01,1.939789999999999992e+01,2.000000000000000000e+01
3.162279999999999980e+00,4.287960000000000349e+01,2.092480000000000118e+01,2.000000000000000000e+01
3.981059999999999821e+00,4.596470000000000056e+01,2.254879999999999995e+01,2.000000000000000000e+01
5.011860000000000426e+00,4.929820000000000135e+01,2.426510000000000034e+01,2.000000000000000000e+01
6.309569999999999901e+00,5.289249999999999829e+01,2.606779999999999831e+01,2.000000000000000000e+01
7.943279999999999674e+00,5.675670000000000215e+01,2.796399999999999864e+01,2.000000000000000000e+01
1.000000000000000000e+01,6.091810000000000258e+01,2.992310000000000159e+01,2.000000000000000000e+01
1.258929999999999971e+01,6.539100000000000534e+01,3.193799999999999883e+01,2.000000000000000000e+01
1.584890000000000043e+01,6.986249999999999716e+01,3.397630000000000194e+01,2.000000000000000000e+01
1.995260000000000034e+01,7.481940000000000168e+01,3.611430000000000007e+01,2.000000000000000000e+01
2.511890000000000001e+01,8.006069999999999709e+01,3.820400000000000063e+01,2.000000000000000000e+01
3.162280000000000157e+01,8.514050000000000296e+01,4.070109999999999673e+01,2.000000000000000000e+01
3.981069999999999709e+01,8.946949999999999648e+01,4.319180000000000064e+01,2.000000000000000000e+01
5.011869999999999692e+01,1.002680000000000007e+02,4.720300000000000296e+01,2.000000000000000000e+01
6.309570000000000078e+01,1.060379999999999967e+02,4.931940000000000168e+01,2.000000000000000000e+01
7.943280000000000030e+01,1.110750000000000028e+02,5.141669999999999874e+01,2.000000000000000000e+01
9.999990000000000268e-02,1.061040000000000028e+01,1.648409999999999931e+00,3.000000000000000000e+01
1.258900000000000019e-01,1.086420000000000030e+01,1.797979999999999912e+00,3.000000000000000000e+01
1.584800000000000098e-01,1.116399999999999970e+01,1.956949999999999967e+00,3.000000000000000000e+01
1.995200000000000029e-01,1.147450000000000081e+01,2.115720000000000045e+00,3.000000000000000000e+01
2.511800000000000144e-01,1.180979999999999919e+01,2.294449999999999878e+00,3.000000000000000000e+01
3.162200000000000011e-01,1.215169999999999995e+01,2.483890000000000153e+00,3.000000000000000000e+01
3.980989999999999807e-01,1.251249999999999929e+01,2.691320000000000157e+00,3.000000000000000000e+01
5.011790000000000411e-01,1.290130000000000088e+01,2.926190000000000069e+00,3.000000000000000000e+01
6.309489999999999821e-01,1.332130000000000081e+01,3.185000000000000053e+00,3.000000000000000000e+01
7.943189999999999973e-01,1.377779999999999916e+01,3.470289999999999875e+00,3.000000000000000000e+01
9.999989999999999712e-01,1.427630000000000088e+01,3.784269999999999801e+00,3.000000000000000000e+01
1.258920000000000039e+00,1.481949999999999967e+01,4.130119999999999791e+00,3.000000000000000000e+01
1.584889999999999910e+00,1.541159999999999997e+01,4.510049999999999670e+00,3.000000000000000000e+01
1.995260000000000034e+00,1.605689999999999884e+01,4.928919999999999746e+00,3.000000000000000000e+01
2.511890000000000178e+00,1.676020000000000110e+01,5.389249999999999652e+00,3.000000000000000000e+01
3.162279999999999980e+00,1.752740000000000009e+01,5.895260000000000389e+00,3.000000000000000000e+01
3.981059999999999821e+00,1.837000000000000099e+01,6.452009999999999579e+00,3.000000000000000000e+01
5.011860000000000426e+00,1.929220000000000113e+01,7.064729999999999954e+00,3.000000000000000000e+01
6.309569999999999901e+00,2.029459999999999908e+01,7.735949999999999882e+00,3.000000000000000000e+01
7.943279999999999674e+00,2.137800000000000011e+01,8.470140000000000668e+00,3.000000000000000000e+01
1.000000000000000000e+01,2.255760000000000076e+01,9.226309999999999789e+00,3.000000000000000000e+01
1.258929999999999971e+01,2.381439999999999912e+01,9.991600000000000037e+00,3.000000000000000000e+01
1.584890000000000043e+01,2.500760000000000005e+01,1.086829999999999963e+01,3.000000000000000000e+01
1.995260000000000034e+01,2.635829999999999984e+01,1.172519999999999918e+01,3.000000000000000000e+01
2.511890000000000001e+01,2.779050000000000153e+01,1.252469999999999928e+01,3.000000000000000000e+01
3.162280000000000157e+01,2.891560000000000130e+01,1.387800000000000011e+01,3.000000000000000000e+01
3.981069999999999709e+01,2.963429999999999964e+01,1.540290000000000070e+01,3.000000000000000000e+01
5.011869999999999692e+01,3.546390000000000242e+01,1.761149999999999949e+01,3.000000000000000000e+01
6.309570000000000078e+01,3.709129999999999683e+01,1.822990000000000066e+01,3.000000000000000000e+01
7.943280000000000030e+01,3.835739999999999839e+01,1.923710000000000164e+01,3.000000000000000000e+01
9.999990000000000268e-02,9.297969999999999402e+00,1.012720000000000065e+00,4.000000000000000000e+01
1.258900000000000019e-01,9.448449999999999349e+00,1.079469999999999930e+00,4.000000000000000000e+01
1.584800000000000098e-01,9.615330000000000155e+00,1.150590000000000002e+00,4.000000000000000000e+01
1.995200000000000029e-01,9.786530000000000840e+00,1.225340000000000096e+00,4.000000000000000000e+01
2.511800000000000144e-01,9.967309999999999448e+00,1.302829999999999933e+00,4.000000000000000000e+01
3.162200000000000011e-01,1.015160000000000018e+01,1.384319999999999995e+00,4.000000000000000000e+01
3.980989999999999807e-01,1.034130000000000038e+01,1.474129999999999940e+00,4.000000000000000000e+01
5.011790000000000411e-01,1.054289999999999949e+01,1.574559999999999960e+00,4.000000000000000000e+01
6.309489999999999821e-01,1.075789999999999935e+01,1.685049999999999937e+00,4.000000000000000000e+01
7.943189999999999973e-01,1.098739999999999917e+01,1.805620000000000003e+00,4.000000000000000000e+01
9.999989999999999712e-01,1.123290000000000077e+01,1.938239999999999963e+00,4.000000000000000000e+01
1.258920000000000039e+00,1.149540000000000006e+01,2.082669999999999799e+00,4.000000000000000000e+01
1.584889999999999910e+00,1.177650000000000041e+01,2.241159999999999819e+00,4.000000000000000000e+01
1.995260000000000034e+00,1.207859999999999978e+01,2.415090000000000181e+00,4.000000000000000000e+01
2.511890000000000178e+00,1.240380000000000038e+01,2.607040000000000024e+00,4.000000000000000000e+01
3.162279999999999980e+00,1.275670000000000037e+01,2.818919999999999870e+00,4.000000000000000000e+01
3.981059999999999821e+00,1.314000000000000057e+01,3.052579999999999849e+00,4.000000000000000000e+01
5.011860000000000426e+00,1.355240000000000045e+01,3.309820000000000206e+00,4.000000000000000000e+01
6.309569999999999901e+00,1.398900000000000077e+01,3.592319999999999958e+00,4.000000000000000000e+01
7.943279999999999674e+00,1.443999999999999950e+01,3.908220000000000027e+00,4.000000000000000000e+01
1.000000000000000000e+01,1.490039999999999942e+01,4.191869999999999763e+00,4.000000000000000000e+01
1.258929999999999971e+01,1.536340000000000039e+01,4.436679999999999957e+00,4.000000000000000000e+01
1.584890000000000043e+01,1.569979999999999976e+01,4.868929999999999758e+00,4.000000000000000000e+01
1.995260000000000034e+01,1.612539999999999907e+01,5.178020000000000067e+00,4.000000000000000000e+01
2.511890000000000001e+01,1.657000000000000028e+01,5.329329999999999679e+00,4.000000000000000000e+01
3.162280000000000157e+01,1.668540000000000134e+01,6.203210000000000335e+00,4.000000000000000000e+01
3.981069999999999709e+01,1.648100000000000165e+01,7.435579999999999856e+00,4.000000000000000000e+01
5.011869999999999692e+01,2.094369999999999976e+01,8.279560000000000031e+00,4.000000000000000000e+01
6.309570000000000078e+01,2.136749999999999972e+01,8.232089999999999463e+00,4.000000000000000000e+01
7.943280000000000030e+01,2.165530000000000044e+01,8.656250000000000000e+00,4.000000000000000000e+01
9.999990000000000268e-02,7.874600000000000044e+00,6.455760000000000387e-01,5.000000000000000000e+01
1.258900000000000019e-01,7.965139999999999887e+00,6.756240000000000023e-01,5.000000000000000000e+01
1.584800000000000098e-01,8.067790000000000461e+00,7.060619999999999674e-01,5.000000000000000000e+01
1.995200000000000029e-01,8.172570000000000334e+00,7.346580000000000332e-01,5.000000000000000000e+01
2.511800000000000144e-01,8.282400000000000873e+00,7.638779999999999459e-01,5.000000000000000000e+01
3.162200000000000011e-01,8.393480000000000274e+00,7.981040000000000356e-01,5.000000000000000000e+01
3.980989999999999807e-01,8.506489999999999441e+00,8.332490000000000174e-01,5.000000000000000000e+01
5.011790000000000411e-01,8.624349999999999739e+00,8.737759999999999971e-01,5.000000000000000000e+01
6.309489999999999821e-01,8.747619999999999507e+00,9.178140000000000187e-01,5.000000000000000000e+01
7.943189999999999973e-01,8.876799999999999358e+00,9.660999999999999588e-01,5.000000000000000000e+01
9.999989999999999712e-01,9.012700000000000600e+00,1.018240000000000034e+00,5.000000000000000000e+01
1.258920000000000039e+00,9.155490000000000350e+00,1.074729999999999963e+00,5.000000000000000000e+01
1.584889999999999910e+00,9.305540000000000589e+00,1.136319999999999997e+00,5.000000000000000000e+01
1.995260000000000034e+00,9.463580000000000325e+00,1.203379999999999894e+00,5.000000000000000000e+01
2.511890000000000178e+00,9.630340000000000344e+00,1.276810000000000000e+00,5.000000000000000000e+01
3.162279999999999980e+00,9.807349999999999568e+00,1.357320000000000082e+00,5.000000000000000000e+01
3.981059999999999821e+00,1.000099999999999945e+01,1.447030000000000038e+00,5.000000000000000000e+01
5.011860000000000426e+00,1.020969999999999978e+01,1.546869999999999967e+00,5.000000000000000000e+01
6.309569999999999901e+00,1.042680000000000007e+01,1.657920000000000060e+00,5.000000000000000000e+01
7.943279999999999674e+00,1.064489999999999981e+01,1.795739999999999892e+00,5.000000000000000000e+01
1.000000000000000000e+01,1.087010000000000076e+01,1.871340000000000003e+00,5.000000000000000000e+01
1.258929999999999971e+01,1.106370000000000076e+01,1.874190000000000023e+00,5.000000000000000000e+01
1.584890000000000043e+01,1.110890000000000022e+01,2.152460000000000040e+00,5.000000000000000000e+01
1.995260000000000034e+01,1.123450000000000060e+01,2.254370000000000207e+00,5.000000000000000000e+01
2.511890000000000001e+01,1.136819999999999986e+01,2.118040000000000145e+00,5.000000000000000000e+01
3.162280000000000157e+01,1.120079999999999920e+01,2.981590000000000185e+00,5.000000000000000000e+01
3.981069999999999709e+01,1.067980000000000018e+01,4.336669999999999803e+00,5.000000000000000000e+01
5.011869999999999692e+01,1.393870000000000076e+01,3.860430000000000028e+00,5.000000000000000000e+01
6.309570000000000078e+01,1.402590000000000003e+01,3.589409999999999989e+00,5.000000000000000000e+01
7.943280000000000030e+01,1.398380000000000045e+01,3.771549999999999958e+00,5.000000000000000000e+01
9.999990000000000268e-02,5.045440000000000147e+00,6.151539999999999786e-01,6.000000000000000000e+01
1.258900000000000019e-01,5.121069999999999567e+00,6.227899999999999547e-01,6.000000000000000000e+01
1.584800000000000098e-01,5.213650000000000340e+00,6.320130000000000470e-01,6.000000000000000000e+01
1.995200000000000029e-01,5.301940000000000097e+00,6.450289999999999635e-01,6.000000000000000000e+01
2.511800000000000144e-01,5.388779999999999681e+00,6.592569999999999819e-01,6.000000000000000000e+01
3.162200000000000011e-01,5.480240000000000222e+00,6.727309999999999679e-01,6.000000000000000000e+01
3.980989999999999807e-01,5.569960000000000022e+00,6.868919999999999471e-01,6.000000000000000000e+01
5.011790000000000411e-01,5.662060000000000315e+00,7.011800000000000255e-01,6.000000000000000000e+01
6.309489999999999821e-01,5.755589999999999762e+00,7.150959999999999539e-01,6.000000000000000000e+01
7.943189999999999973e-01,5.850120000000000431e+00,7.295530000000000070e-01,6.000000000000000000e+01
9.999989999999999712e-01,5.945739999999999803e+00,7.445770000000000444e-01,6.000000000000000000e+01
1.258920000000000039e+00,6.042430000000000412e+00,7.607110000000000261e-01,6.000000000000000000e+01
1.584889999999999910e+00,6.140270000000000117e+00,7.778169999999999806e-01,6.000000000000000000e+01
1.995260000000000034e+00,6.239300000000000068e+00,7.960350000000000481e-01,6.000000000000000000e+01
2.511890000000000178e+00,6.340860000000000163e+00,8.157739999999999991e-01,6.000000000000000000e+01
3.162279999999999980e+00,6.446170000000000400e+00,8.378240000000000132e-01,6.000000000000000000e+01
3.981059999999999821e+00,6.556079999999999686e+00,8.628449999999999731e-01,6.000000000000000000e+01
5.011860000000000426e+00,6.659709999999999575e+00,8.899390000000000356e-01,6.000000000000000000e+01
6.309569999999999901e+00,6.746970000000000134e+00,9.197739999999999805e-01,6.000000000000000000e+01
7.943279999999999674e+00,6.815290000000000070e+00,9.698600000000000554e-01,6.000000000000000000e+01
1.000000000000000000e+01,6.860470000000000290e+00,1.007640000000000091e+00,6.000000000000000000e+01
1.258929999999999971e+01,6.896560000000000024e+00,1.012629999999999919e+00,6.000000000000000000e+01
1.584890000000000043e+01,6.978600000000000136e+00,1.002950000000000008e+00,6.000000000000000000e+01
1.995260000000000034e+01,7.124850000000000350e+00,9.791600000000000303e-01,6.000000000000000000e+01
2.511890000000000001e+01,7.315789999999999793e+00,8.586470000000000491e-01,6.000000000000000000e+01
3.162280000000000157e+01,7.562730000000000175e+00,8.363620000000000498e-01,6.000000000000000000e+01
3.981069999999999709e+01,7.735649999999999693e+00,1.090189999999999992e+00,6.000000000000000000e+01
5.011869999999999692e+01,7.979090000000000238e+00,1.357850000000000001e+00,6.000000000000000000e+01
6.309570000000000078e+01,8.331810000000000827e+00,1.628379999999999939e+00,6.000000000000000000e+01
7.943280000000000030e+01,8.655490000000000350e+00,1.818659999999999943e+00,6.000000000000000000e+01
9.999990000000000268e-02,1.887559999999999905e+00,5.689720000000000333e-01,7.000000000000000000e+01
1.258900000000000019e-01,1.955819999999999892e+00,5.724479999999999569e-01,7.000000000000000000e+01
1.584800000000000098e-01,2.021609999999999907e+00,5.762570000000000192e-01,7.000000000000000000e+01
1.995200000000000029e-01,2.080989999999999895e+00,5.773359999999999603e-01,7.000000000000000000e+01
2.511800000000000144e-01,2.139609999999999790e+00,5.780229999999999535e-01,7.000000000000000000e+01
3.162200000000000011e-01,2.203829999999999956e+00,5.770589999999999886e-01,7.000000000000000000e+01
3.980989999999999807e-01,2.262379999999999836e+00,5.745400000000000507e-01,7.000000000000000000e+01
5.011790000000000411e-01,2.320419999999999927e+00,5.710359999999999880e-01,7.000000000000000000e+01
6.309489999999999821e-01,2.377130000000000187e+00,5.665989999999999638e-01,7.000000000000000000e+01
7.943189999999999973e-01,2.432209999999999983e+00,5.614400000000000501e-01,7.000000000000000000e+01
9.999989999999999712e-01,2.485619999999999941e+00,5.556940000000000213e-01,7.000000000000000000e+01
1.258920000000000039e+00,2.537430000000000074e+00,5.494790000000000507e-01,7.000000000000000000e+01
1.584889999999999910e+00,2.587530000000000108e+00,5.427809999999999580e-01,7.000000000000000000e+01
1.995260000000000034e+00,2.636010000000000186e+00,5.358929999999999527e-01,7.000000000000000000e+01
2.511890000000000178e+00,2.684439999999999937e+00,5.294259999999999522e-01,7.000000000000000000e+01
3.162279999999999980e+00,2.735170000000000101e+00,5.238239999999999563e-01,7.000000000000000000e+01
3.981059999999999821e+00,2.786950000000000038e+00,5.187899999999999734e-01,7.000000000000000000e+01
5.011860000000000426e+00,2.830420000000000158e+00,5.135260000000000380e-01,7.000000000000000000e+01
6.309569999999999901e+00,2.853349999999999831e+00,5.085960000000000480e-01,7.000000000000000000e+01
7.943279999999999674e+00,2.850239999999999885e+00,5.303170000000000384e-01,7.000000000000000000e+01
1.000000000000000000e+01,2.818919999999999870e+00,5.340080000000000382e-01,7.000000000000000000e+01
1.258929999999999971e+01,2.776899999999999924e+00,4.943509999999999849e-01,7.000000000000000000e+01
1.584890000000000043e+01,2.781039999999999957e+00,4.173020000000000063e-01,7.000000000000000000e+01
1.995260000000000034e+01,2.843999999999999861e+00,3.090640000000000054e-01,7.000000000000000000e+01
2.511890000000000001e+01,2.937040000000000095e+00,4.044559999999999822e-02,7.000000000000000000e+01
3.162280000000000157e+01,3.091120000000000090e+00,-1.273489999999999900e-01,7.000000000000000000e+01
3.981069999999999709e+01,3.204330000000000123e+00,2.649320000000000147e-02,7.000000000000000000e+01
5.011869999999999692e+01,3.379199999999999982e+00,3.384260000000000046e-01,7.000000000000000000e+01
6.309570000000000078e+01,3.672769999999999868e+00,6.399179999999999868e-01,7.000000000000000000e+01
7.943280000000000030e+01,3.978670000000000151e+00,8.551210000000000200e-01,7.000000000000000000e+01
9.999990000000000268e-02,7.358219999999999761e-01,3.717210000000000236e-01,8.000000000000000000e+01
1.258900000000000019e-01,7.808230000000000448e-01,3.879210000000000158e-01,8.000000000000000000e+01
1.584800000000000098e-01,8.227750000000000341e-01,3.980750000000000122e-01,8.000000000000000000e+01
1.995200000000000029e-01,8.622370000000000312e-01,4.002419999999999867e-01,8.000000000000000000e+01
2.511800000000000144e-01,9.024149999999999672e-01,4.046409999999999729e-01,8.000000000000000000e+01
3.162200000000000011e-01,9.461730000000000418e-01,4.075880000000000059e-01,8.000000000000000000e+01
3.980989999999999807e-01,9.860839999999999606e-01,4.064849999999999852e-01,8.000000000000000000e+01
5.011790000000000411e-01,1.025579999999999936e+00,4.044969999999999954e-01,8.000000000000000000e+01
6.309489999999999821e-01,1.063690000000000024e+00,4.019170000000000242e-01,8.000000000000000000e+01
7.943189999999999973e-01,1.100360000000000005e+00,3.984460000000000224e-01,8.000000000000000000e+01
9.999989999999999712e-01,1.135709999999999997e+00,3.940020000000000189e-01,8.000000000000000000e+01
1.258920000000000039e+00,1.169869999999999965e+00,3.885199999999999765e-01,8.000000000000000000e+01
1.584889999999999910e+00,1.202769999999999895e+00,3.820740000000000247e-01,8.000000000000000000e+01
1.995260000000000034e+00,1.234269999999999978e+00,3.747889999999999833e-01,8.000000000000000000e+01
2.511890000000000178e+00,1.264399999999999968e+00,3.671619999999999884e-01,8.000000000000000000e+01
3.162279999999999980e+00,1.292149999999999910e+00,3.590209999999999790e-01,8.000000000000000000e+01
3.981059999999999821e+00,1.319760000000000044e+00,3.514780000000000126e-01,8.000000000000000000e+01
5.011860000000000426e+00,1.347480000000000011e+00,3.447640000000000149e-01,8.000000000000000000e+01
6.309569999999999901e+00,1.371289999999999898e+00,3.400429999999999842e-01,8.000000000000000000e+01
7.943279999999999674e+00,1.382039999999999935e+00,3.853509999999999991e-01,8.000000000000000000e+01
1.000000000000000000e+01,1.401620000000000088e+00,4.156079999999999774e-01,8.000000000000000000e+01
1.258929999999999971e+01,1.440059999999999896e+00,3.784830000000000139e-01,8.000000000000000000e+01
1.584890000000000043e+01,1.501509999999999900e+00,2.385170000000000068e-01,8.000000000000000000e+01
1.995260000000000034e+01,1.587250000000000050e+00,5.759870000000000267e-02,8.000000000000000000e+01
2.511890000000000001e+01,1.614200000000000079e+00,-5.361209999999999587e-01,8.000000000000000000e+01
3.162280000000000157e+01,1.541060000000000096e+00,-9.255780000000000118e-01,8.000000000000000000e+01
3.981069999999999709e+01,1.716469999999999940e+00,-8.616089999999999582e-01,8.000000000000000000e+01
5.011869999999999692e+01,2.075959999999999805e+00,-1.426929999999999865e-01,8.000000000000000000e+01
6.309570000000000078e+01,2.251489999999999991e+00,-1.943910000000000082e-01,8.000000000000000000e+01
7.943280000000000030e+01,1.746590000000000087e+00,3.561690000000000134e-01,8.000000000000000000e+01
